Samples	Lat	Lon	Elev	MAT	MAP	Clay	Silt	Sand	pH	SOC	TN	CN	SWC
ChrMrs	-43.4511917	172.6603583	22	11.9	611	41	36	23	5.55	1.804	0.1655	10.915	6.2
ChrRic	-43.5293472	172.5943528	15	11.9	609	41	36	23	5.51	7.9975	0.592	13.51	40.42
Dunlsp	-45.9241306	170.4107833	20	10.5	777	34	43	23	4.3	5.5045	0.3375	16.315	7.87
DunSiH	-45.8573833	170.5480194	315	10	971	34	43	23	4.9	8.63	0.504	17.12301587	28.27
HamAva	-37.7704167	175.2414111	54	14.1	1299	31	49	20	4.64	7.595	0.451	16.835	17.6
HamCla	-37.7742861	175.2902556	27	14	1259	31	49	20	4.32	7.634	0.4865	15.695	42.4
HamMin	-37.7738167	175.2497306	43	14.1	1299	31	49	20	3.43	26.82	1.275	21.04	60.53
InvEsW	-46.4274222	168.3432583	27	9.9	1076	34	43	23	5.26	8.3805	0.483	17.36	24.53
InvKBR	-46.4274222	168.3432583	27	9.9	1076	34	43	23	3.45	35.15	1.4335	24.515	65.73
InvWaR	-46.3891	168.3498556	7	10	1059	34	43	23	4.69	9.278	0.544	17.11	25.87
iSBio002	47.8361111	14.4433333	885.25	8.395837545	1243.715027	42	47	11	4	2.57	0.14	18.35714286	41.63197336
iSBio004	47.8405556	14.4422222	887.5	8.395837545	1243.715027	27	50	23	7.207867719	19.917624	1.18031	16.87490913	50.44510386
iSBio006	47.8391667	14.4441667	885.25	8.395837545	1243.715027	42	47	11	6.556511672	8.604755	0.537258	16.01605746	41.18842052
iSBio008	47.8408333	14.435	860.5	7.987497091	1264.460022	24.15	44.45	31	3.673029471	11.010488	0.636855	17.28884597	34.13129319
iSBio010	48.1083333	16.075	478	10.39998817	752.2999878	36	60	4	4.644520539	4.358852	0.395662	11.01660508	19.13510811
iSBio014	47.6333333	15.6583333	758.5	7.641656637	1029.35498	26	50	24	4.43	4.617001	0.299546	15.41332884	21.78627479
iSBio015	47.0611111	14.1111111	1502.5	4.474999905	1227.434998	24	33	43	2.590782692	39.472336	1.391117	28.37456231	64.15376935
iSBio017	47.3305556	12.4055556	1122.25	7.4458251	1351.780029	6.5	24	69.5	3.681733713	6.213486	0.447624	13.88103855	28.00628392
iSBio020	47.4991667	14.1533333	800.5	7.491677999	1085.47998	6	45.66666667	48.33333333	6.049414119	4.572012	0.405545	11.27374767	11.22654155
iSBio022	47.1166667	11.3	1169.75	5.366662502	1214.919983	5.6	39.1	55.3	6.667386384	4.089445	0.362512	11.28085415	18.18181818
iSBio023	47.58194444	14.345	647.25	9.624994278	1256.944946	25.7	46.9	27.1	2.98	45.24333333	1.254596255	36.06206632	92.63742806
iSBio024	47.58194444	14.345	647.25	9.624994278	1256.944946	25.7	46.9	27.1	2.98	45.24333333	1.254596255	36.06206632	92.87833828
iSBio032	50.9752778	3.8041667	23.5	11.59166908	631.6199951	10.35	49.15	40.5	2.825429738	10.596136	0.557846	18.99473331	31.01634684
iSBio034	51.4019444	5.0541667	36	11.37917519	758.5600281	1	12.5	86.5	2.733663918	3.012949	0.102616	29.36139588	4.985835694
iSBio036	51.0697222	3.0372222	34.25	11.42916298	645.8999939	3.5	24.5	72	2.787823081	2.876591	0.16653	17.27371044	16.0442993
iSBio040	42.63	23.3533333	647	11.11666298	899.6000061	18.05	7.7	74.25	7.083663918	9.645991	0.528847	18.23966289	18.83629191
iSBio044	42.63	23.3533333	977	11.11666298	899.6000061	9.99	17.365	72.645	4.372837225	3.913311	0.243368	16.07980918	26.32696391
iSBio046	42.6308333	23.2041667	1121	9.579172134	933.4400024	13.58	20.425	65.995	4.249565488	6.090517	0.527937	11.53644658	30.29904699
iSBio076	-26.0134	-70.6093	814	16.07915688	68.46500015	15.2	15.55	69.5	5.929017322	6.633964	0.371815	17.84210965	1.021421478
iSBio080	-30.0539	-71.0949	649.5	16.29168129	271.2399979	15	13.5	71.5	6.532837225	1.47851	0.122034	12.11555796	0.765121986
iSBio082	-32.9562	-71.0633	739.5	14.80416298	417.7550201	11	15.5	73.5	5.945715384	0.005566	0.00031	17.95483871	0.76508926
iSBio084	-37.8039	-73.0147	1244.25	7.204156399	1833.880005	22.11616162	24.63131313	53.25252525	3.716511672	20.491919	0.835632	24.5226595	25.8334997
iSBio088	-37.821	-72.997	1234.5	7.237496853	1803.474976	35.8	30.45	33.75	4.5	14.546146	0.557563	26.08879355	7.222699914
iSBio090	-32.9558	-71.0658	716	14.80416298	417.7550201	18.25	12.9	68.8	5.660361283	7.975797	0.42079	18.95434064	2.250391682
iSBio091	-30.0544	-71.0928	634	16.29168129	271.2399979	15.1	19.3	65.5	6.360434077	0.970819	0.10601	9.157805867	0.366300366
iSBio092	-30.0544	-71.0928	634	16.29168129	271.2399979	15.1	19.3	65.5	6.360434077	0.970819	0.10601	9.157805867	0.170212766
iSBio099	49.9733333	11.5138889	341.5	9.991662979	726.5249939	24.9	41.1	34.1	3.810434077	3.805334	0.264177	14.40448639	6.543385491
iSBio102	50.15386	9.00206	113.25	11.59581947	635.3250122	28.7	48	23.1	5.143460532	2.970921	0.28804	10.31426538	21.42958849
iSBio104	50.17362	9.0637	117.5	11.52500343	678.3199768	29.6	47.8	22	5.474520539	4.225644	0.407689	10.36487126	23.26963907
iSBio107	50.18285	9.08464	131	11.43749428	686.4049988	28.55	47.65	24	4.053460532	2.714603	0.233004	11.65045664	23.77224199
iSBio108	50.18303	9.08421	131	11.43749428	686.4049988	28.5	48.25	23.5	4.053460532	2.714603	0.233004	11.65045664	20.79067122
iSBio113	58.6508333	26.76	50.5	6.549996853	351.1400146	12.85	36.3	51	4	0.675	0.0305	22.13114754	26.0938743
iSBio118	58.275	26.4602778	65.5	6.533349514	481.9000092	10.5	28.6	60.9	4.757320953	2.555286	0.169061	15.11457994	16.65844433
iSBio119	59.5616667	26.0461111	51.5	6.416680813	307.2000046	0.732294873	1.956238701	97.31146643	3.398620162	1.992638	0.044592	44.68599749	3.914988814
iSBio121	59.5783333	26.1325	23.25	6.545846462	289.3050003	0.539624533	0.930698666	98.5296768	2.947426498	11.847664	0.29989	39.50669912	18.97122064
iSBio122	59.5783333	26.1325	23.25	6.545846462	289.3050003	0.539624533	0.930698666	98.5296768	2.947426498	11.847664	0.29989	39.50669912	14.28099719
iSBio127	58.3066667	27.3322222	35.5	6.783334255	485.5150146	16.25	35.45	48.6	2.252649702	50.425934	1.258845	40.05730173	76.20354203
iSBio132	61.05333333	25.04194444	127.25	5.229165554	645.8300171	23.75	38.6	40.15	4.42	5.913256	0.378647	15.61680404	16.8401917
iSBio134	49.002436	-1.1816667	124	11.76250648	871.8599854	19.75	60.2	20.3	4.6	34.03	1.76	19.33522727	87.31476958
iSBio136	48.7513889	6.3383333	249	11.53333473	754.2149963	24.85	66.25	8.9	4.55	2.485	0.09	27.61111111	11.32210166
iSBio138	48.7394444	6.3222222	226.5	11.71250343	758.019989	54.96666667	39.8	5.233333333	6.2	2.733333333	0.116666667	23.42857143	18.75177305
iSBio140	48.6255556	6.2083333	230.25	11.70833778	740.0499878	34	31.1	34.9	6.9	6.3	0.37	17.02702703	13.91254969
iSBio158	44.7455556	6.9988889	1916.75	4.704171658	1451.084961	22.4	39.35	38.5	5.241275849	5.345954	0.292894	18.25217997	2.494205938
iSBio160	44.7091667	7.0533333	2586.25	-1.224996924	1758.685059	16.3	44.25	39.7	4.281004281	1.567282	0.138502	11.31595212	0.473985891
iSBio164	43.37094444	1.671	207	14.15418434	750.355011	26.2	43.2	30.75	5.507824751	3.85858	0.293311	13.15525159	18.90278567
iSBio166	52.83944444	10.26638889	116.5	10.08750343	741.4550018	4.2	11.8	84	3.295029282	2.005996	0.083564	24.00550476	4.331101296
iSBio168	51.86	10.4175	637	7.529168606	1054.625	19.22333333	53.43333333	27.34333333	2.781669007	3.595597	0.209813	17.1371507	19.52099264
iSBio170	51.85472222	10.4125	625	7.345849514	1104.679993	20.81	57.22	21.97	3.092415126	4.732585355	0.234331425	20.19611905	20.72553837
iSBio178	51.52833333	10.04666667	408.25	8.912500381	834.6199646	59.63333333	39.7	0.666666667	6.451212916	8.843083205	0.586325192	15.08221602	26.26681935
iSBio179	52.90777778	7.859166667	33.25	10.58750343	719.5200195	3.2	6.4	90.4	3.031993115	1.705191	0.071712	23.77832162	5.674671241
iSBio182	53.17777778	9.859166667	93.75	10.24584389	741.2750244	3.5	6.1	90.4	3.227824751	1.74773	0.098749	17.69871087	7.947956442
iSBio184	51.3741667	11.7358333	171.5	10.62499428	458.8399963	28.2	58.3	13.7	6.959531685	4.376939	0.394867	11.08459051	5.517922664
iSBio186	51.6044444	11.7208333	99	10.89165688	415.1949921	26.55	59.9	14.05	7.297867719	3.365892	0.244455	13.76896361	3.314285714
iSBio191	51.8388889	11.0575	151.75	10.19584084	509.269989	27.2	59.05	14.3	4.936949248	4.060245	0.328778	12.34950331	2.030384779
iSBio193	52.0772222	11.4427778	99.25	10.55416298	476.3549957	24	64.8	11	7.095196292	5.331582	0.431916	12.34402523	6.231369766
iSBio197	50.972	10.405	319.5	9.720819473	582.5549927	26.4	54.7	19.5	6.409130541	7.658974	0.729575	10.49785697	18.60655738
iSBio199	51.001	10.43	306.5	9.837503433	615.4649963	25	54.55	19.55	7.323258665	5.567488	0.466426	11.93648725	17.87878788
iSBio202	50.998	10.433	308	9.92083168	599.1049957	25	54.55	20.05	6.58	5.685	0.7805	7.283792441	18.77557702
iSBio203	51.113	10.436	312	9.841669083	669.7150116	22.5	61.65	15.65	6.482837225	8.745105	0.819907	10.66597187	19.30660532
iSBio206	51.216	10.323	395	8.86249733	744.0699768	30.35	55.45	14.15	7.264751156	5.221059	0.43824	11.91369797	19.39563147
iSBio208	51.215	10.391	317	9.666666031	605.4100037	21.6	53	24.8	6.297747778	4.005043	0.385867	10.37933537	14.15359207
iSBio209	51.274	10.41	313	9.720834732	547.2399902	26.4	53.2	20	6.896037955	7.173882	0.703105	10.20314462	16.60033167
iSBio211	51.271	10.418	312.5	9.745828629	547.3399963	25.6	52.5	22	7.02	7.665871	0.703067	10.9034715	18.56029192
iSBio213	51.224	10.381	326.5	9.583337784	608.1349945	24.1	48.55	27.35	7.161993115	7.419934	0.529508	14.01288366	16.82837069
iSBio215	51.275	10.447	323.25	9.504159927	581.6450195	28.5	51.25	19.85	6.205778756	5.215638	0.459948	11.33962535	17.88550629
iSBio217	51.281	10.456	339	9.445825577	587.8050079	30.75	52.25	17.3	7.095196292	7.221493	0.596532	12.10579315	20.17440885
iSBio219	51.221	10.371	336.5	9.516656876	628.1249847	27.7	54.1	17.6	5.385196292	3.906357	0.342643	11.40066191	10.93090049
iSBio221	51.191	10.753	305.75	9.762506485	561.7150116	27.8	57.2	14.8	7.158600172	4.413556	0.369043	11.95946272	12.34567901
iSBio223	51.282	10.372	338	9.433343887	582.5250092	26.3	49.4	23.5	7.185359755	5.416059	0.479421	11.29708336	17.85171424
iSBio225	51.086	10.597	285.75	10.07499123	568.9349976	23.8	55.4	20.4	7.010003372	6.133657	0.537306	11.41557511	14.7106632
iSBio227	51.202	10.36	363.25	9.291666031	686.2899933	31.7	49.9	18.5	6.87494035	5.251718	0.526646	9.972007762	17.72363151
iSBio230	51.032	10.514	318	9.750009537	688.6400146	32.3	52	15.2	6.840963119	7.146073	0.628016	11.37880723	18.21666667
iSBio232	50.967	10.447	325.25	9.958337784	591.6350098	29.65	49.5	20.7	6.355196292	7.390891	0.711845	10.38272517	19.78132885
iSBio233	51.069	10.465	396.25	8.845819473	758.125	30.6	49.6	19.6	6.154317153	5.237095	0.484817	10.80220991	18.7860795
iSBio235	51.302	10.436	375.75	9.016656876	661.2649841	28.65	55.4	15.95	6.997666265	6.352072	0.578001	10.98972493	22.3304231
iSBio237	51.055	10.48	380.25	9.070840836	761.2850037	29.65	55.35	15.2	6.796893708	10.355937	0.985499	10.50831812	18.34002677
iSBio239	51.287	10.38	324	9.650003433	580.4649963	26.85	48.15	25.05	6.448259338	5.69774	0.518527	10.98831883	17.80821918
iSBio241	51.277	10.421	312.5	9.73749733	564.480011	27	52.2	21.3	6.849130541	5.44615	0.483897	11.25477116	19.3960511
iSBio244	53.087	13.97	37	10.09583473	562.9649811	11.7	24.5	63.55	7.316771734	27.770342	2.178872	12.7452838	44.9078727
iSBio246	53.089	13.98	35.75	10.09583473	560.4149933	11.85	21.95	66.3	7.314077034	16.647297	1.161541	14.33207868	26.20576132
iSBio248	53.103	13.986	34.25	10.10416603	557.8249969	13.15	21.15	65.65	7.421226076	12.847354	0.864573	14.85976777	22.54570074
iSBio252	53.107	14	34.25	10.09583473	551.3649902	12.65	22.55	64.85	7.47494035	19.888947	1.266545	15.70330861	30.5356249
iSBio258	53.114	14.017	31.75	10.12917519	548.4499969	14	21.4	64.2	5.659383778	15.586675	0.738531	21.10497054	5.568601141
iSBio261	53.137	13.876	49.5	9.866662979	558.3149872	12.3	20.85	66.3	5.096941628	2.047349	0.192271	10.64824649	3.318474492
iSBio264	53.101	13.974	38	10.04999733	565.3299866	13.05	21.8	64.8	7.412553518	12.241549	0.574493	21.30843892	15.7452529
iSBio266	53.108	14.026	31.25	10.10416603	546.6100006	14.5	22.6	62.9	5.171993115	30.647491	2.260619	13.55712351	28.74809419
iSBio268	53.111	13.618	56.5	9.908349991	597.9799957	10.75	16.15	73.35	6.514074987	13.894674	1.191725	11.65929556	27.71263419
iSBio270	53.123	13.707	60.25	9.812494278	607.5299835	9.3	18.6	72.05	6.823891166	29.24147	2.294006	12.74690214	46.14235938
iSBio274	53.152	13.832	46.25	9.929178238	564.7200012	11.8	22.7	65.5	6.319025742	3.085489	0.313597	9.839025884	5.801425493
iSBio278	52.98	13.848	68.5	9.845834732	601.5000153	8.75	18.65	72.15	7.469414119	2.772295	0.250262	11.07757071	4.83737824
iSBio280	53.135	13.876	49.5	9.866662979	558.3149872	11.8	20.75	66.95	6.20343623	1.826856	0.167826	10.88541704	1.709543568
iSBio284	52.871	13.969	63.25	9.98333168	574.0649872	9.25	23.55	67.15	5.021733713	2.899193	0.281951	10.28261294	5.367196297
iSBio289	53.122	13.75	58.25	9.86249733	595.105011	8.6	17.05	74	5.128620162	3.014431	0.268006	11.24762505	4.181134259
iSBio292	48.398	9.342	722.5	8.720819473	837.0050049	29.1	55.65	15	6.623029471	9.296099	0.941473	9.873994262	27.44634105
iSBio294	48.377	9.473	739	8.433343887	825.9150085	32.15	54.2	13.9	6.789383778	10.194454	1.025441	9.941531497	24.65406682
iSBio296	48.409	9.532	759.5	8.250009298	873.5099792	34.4	53.4	12.25	5.925305865	6.85425	0.632838	10.83097096	24.92411467
iSBio297	48.381	9.419	718.25	8.925012589	824.8699951	27.7	50.9	21.6	5.808259338	5.467954	0.568161	9.623951662	24.02427025
iSBio300	48.396	9.439	727.75	8.683343887	833.9350281	27.7	54.6	17.7	5.742166062	8.616844	0.839434	10.26506432	28.22240944
iSBio304	48.391	9.377	754.5	8.337503195	837.7200012	32.9	54.4	12.4	7.302415375	10.090854	0.514102	19.6281166	17.99434558
iSBio306	48.423	9.492	741.25	8.449991226	846.9200134	32.55	54.45	13	6.428695158	8.832889	0.795484	11.10379216	23.759703
iSBio308	48.395	9.503	744.75	8.416665792	854.9700012	32.7	57	10.5	6.494321374	7.524817	0.614022	12.25496318	20.98681987
iSBio310	48.379	9.213	747.5	8.520822525	865.6650085	34.05	54.1	11.9	5.404520539	9.448785	0.902224	10.47277062	30.11459387
iSBio312	48.488	9.449	740	8.47918129	811.519989	32.8	55	12.5	5.363891166	6.685955	0.662375	10.09391206	25.70856952
iSBio314	48.383	9.521	749.5	8.504175186	852.1849976	32.5	58.2	9.6	6.823626287	7.424685	0.69181	10.7322603	26.45247212
iSBio318	48.404	9.513	758.25	8.30832839	858.1000061	32.9	55.85	11.35	5.594227261	6.478456	0.586811	11.04010661	25.52870091
iSBio320	48.395	9.404	712.5	8.79583168	830.8599854	27.45	55.25	17.45	6.681147361	10.75475	0.858802	12.52296804	20.09665056
iSBio322	48.456	9.457	712.25	8.804162979	829.1600037	32.4	53.1	14.5	5.263423755	5.54861	0.541687	10.24320318	25.49630845
iSBio326	48.451	9.491	757.5	8.24999404	843.6750183	32.35	55.05	12.7	5.291004281	4.547276	0.437647	10.39028258	27.25758081
iSBio328	48.439	9.425	771.5	8.125009298	864.8500061	32.7	55.1	12.35	5.385715384	6.513835	0.658828	9.887003892	28.48250336
iSBio330	48.394	9.426	715.5	8.833337784	833.0549927	29.5	51.7	19.1	5.589415912	7.6435	0.735684	10.38965099	28.08310992
iSBio331	48.401	9.458	728	8.67499733	844.5449829	29.6	54.8	14.7	4.989565488	4.40502	0.487689	9.032436655	23.41439369
iSBio334	48.397	9.435	713.75	8.683343887	833.9350281	27.7	53.95	18.05	6.638620162	8.95116	0.929622	9.628816874	26.27305025
iSBio336	48.457	9.505	752.25	8.18749404	871.4750061	32.6	55.35	12.3	5.705778756	5.505497	0.51289	10.73426466	21.75421209
iSBio337	47.9166667	20.4333333	312.5	10.72083473	608.4649963	45.5	44.5	10	5.370867722	6.831078	0.498065	13.71523396	19.50906237
iSBio338	47.9166667	20.4333333	312.5	10.72083473	608.4649963	45.5	44.5	10	5.370867722	6.831078	0.498065	13.71523396	17.58743754
iSBio342	46.6769444	10.5761111	1069.5	7.299996853	543.7550049	18.75	30.5	50.75	5.0075	6.320833333	0.51763375	12.21101471	4.408024866
iSBio344	46.6844444	10.5852778	1490	4.316674709	640.9200134	18.75	30.5	50.75	5.0075	6.320833333	0.51763375	12.21101471	5.912743972
iSBio346	46.6916667	10.5925	1953.5	1.491662621	754.4649963	18.75	30.5	50.75	5.0075	6.320833333	0.51763375	12.21101471	16.17021277
iSBio349	39.1115	140.8553	493	9.416666031	2997.035034	24.75	36.35	38.9	4.89343623	38.727806	2.063676	18.76641779	64.50518755
iSBio352	33.6527778	130.5452778	469.5	15.14167213	1917.080017	31.55	36.85	31.8	3.8825	7.6325	0.505	15.11386139	36.46960866
iSBio354	44.35583333	142.2580556	304.25	5.741662502	1905.179993	25.4	34.9	39.6	3.68343623	13.484011	0.79855	16.88561893	56.66625016
iSBio356	34.7833333	135.85	239.75	15.25834084	1658.045044	26.5	36.95	37	4.398	4.801	0.344	13.95639535	10.4921849
iSBio359	40.593475	140.9642611	419.5	8.879159927	2332.925049	6.3	37.9	55.5	3.896949248	8.689956	0.456847	19.02158928	42.84861747
iSBio360	40.593475	140.9642611	419.5	8.879159927	2332.925049	6.3	37.9	55.5	3.896949248	8.689956	0.456847	19.02158928	42.75305238
iSBio361	40.5963611	140.9460806	607.5	8.016671896	2561.39502	12.9	35.8	51.5	3.79811284	12.647661	0.711092	17.78625129	54.08829935
iSBio362	40.5963611	140.9460806	607.5	8.016671896	2561.39502	12.9	35.8	51.5	3.79811284	12.647661	0.711092	17.78625129	56.53126245
iSBio363	40.6358333	140.9308333	788	6.608331203	2804.390015	16.95	35.1	48.1	3.931226076	19.41452	1.126556	17.23351524	64.61965135
iSBio364	40.6358333	140.9308333	788	6.608331203	2804.390015	16.95	35.1	48.1	3.931226076	19.41452	1.126556	17.23351524	64.14643852
iSBio367	40.66625	140.8670944	1258.5	3.741662502	3101.075073	26.9	34.3	38.75	2.587670503	35.856667	1.72292	20.81156815	71.20429253
iSBio369	40.6728528	140.874	1383.25	3.754159451	3127.194946	27.55	34.55	38.4	3.312166062	18.140274	1.084872	16.72111917	53.03210464
iSBio370	40.6728528	140.874	1383.25	3.754159451	3127.194946	27.55	34.55	38.4	3.312166062	18.140274	1.084872	16.72111917	66.10969137
iSBio373	34.0833333	135.7666667	363.25	14.20417213	2606.47998	29.6	30.8	39.45	3.285180513	4.854282	0.220819	21.98308117	20.84165003
iSBio376	42.699	141.571	79.25	8.308343887	1785.639954	18.3	36.1	45.6	4.314977126	11.091085	0.803106	13.810238	54.42734359
iSBio378	57.28888889	23.15361111	11	7.929177999	471.4850006	16	25.8	57.85	3.317823081	10	0.9145	10.93493712	1.278232812
iSBio379	57.30222222	23.04888889	6	7.912500143	464.1549988	13.15	24.7	62.1	6.009565488	11	0.8755	12.564249	28.69391825
iSBio380	57.30222222	23.04888889	6	7.912500143	464.1549988	13.15	24.7	62.1	6.009565488	11	0.8755	12.564249	29.98812352
iSBio381	3.2395	101.6369167	104.5	26.96665382	3021.235107	36.5	30.2	33.2	3.295167358	1.120206	0.071535	15.65955127	25.63480511
iSBio390	38.842642	-8.765243	52	16.90831947	474.8000031	1.086375609	11.99564952	86.91797487	4.990666667	1.295914808	0.09475	13.67720114	0.586327345
iSBio394	38.856721	-8.782675	40	16.92499733	474.905014	1.086375609	11.99564952	86.91797487	4.990666667	1.295914808	0.09475	13.67720114	0
iSBio396	38.834092	-8.808716	36.25	16.96250343	476.3549957	1.086375609	11.99564952	86.91797487	4.990666667	1.295914808	0.09475	13.67720114	0.772681954
iSBio398	38.825883	-8.812522	37.75	16.92917824	478.0849915	1.086375609	11.99564952	86.91797487	4.990666667	1.295914808	0.09475	13.67720114	0.637261027
iSBio400	38.813718	-8.80054	45.75	16.91250038	483.2849884	1.086375609	11.99564952	86.91797487	4.990666667	1.295914808	0.09475	13.67720114	0.124984377
iSBio404	38.835344	-8.817801	26	16.97083473	475.8350067	1.086375609	11.99564952	86.91797487	4.990666667	1.295914808	0.09475	13.67720114	0
iSBio405	38.836801	-8.834746	22.75	16.95000648	474.8800049	1.086375609	11.99564952	86.91797487	4.990666667	1.295914808	0.09475	13.67720114	0.124750499
iSBio407	38.827236	-8.840136	25.5	16.95415688	476.6899872	1.086375609	11.99564952	86.91797487	4.990666667	1.295914808	0.09475	13.67720114	0
iSBio410	38.811019	-8.84903	25.75	16.94584084	480.0599976	1.086375609	11.99564952	86.91797487	4.990666667	1.295914808	0.09475	13.67720114	0.124828361
iSBio412	38.818009	-8.855025	24.25	16.93750954	477.9250031	1.086375609	11.99564952	86.91797487	4.990666667	1.295914808	0.09475	13.67720114	0.06237525
iSBio417	18.34405	-65.82599	79	25.79166603	2352.005005	38	25	37	6.74	3.37	0.26	12.96153846	27.59075908
iSBio418	18.34405	-65.82599	79	25.79166603	2352.005005	38	25	37	6.74	3.37	0.26	12.96153846	17.99342105
iSBio420	45.13544	19.64179	415.75	11.44167519	718.3399963	32.95	34.3	32.3	4.033460532	2.418119	0.215121	11.24073893	25.71428571
iSBio422	45.13837	19.64701	454	11.44167519	718.3399963	33.7	34.95	31.5	6.125359755	3.900505	0.342335	11.39382476	27.5862069
iSBio424	45.13699	19.67584	445	11.50415993	725.1350098	33.8	35.25	30.85	4.837386384	2.932219	0.243742	12.03001124	22.08092486
iSBio425	48.2766667	17.3208333	185.5	11.60416603	532.7899933	21.57	52.83	25.6	5.526197354	6.103338	0.467847	13.04558542	12.03946547
iSBio429	48.3055556	17.2866667	177	11.74999428	514.4599915	34.7	42.5	22.8	5.345359755	2.533396	0.210785	12.01886282	6.075
iSBio431	48.3055556	17.2869444	176	11.74999428	514.4599915	33.6	40.6	25.8	6.849450896	3.091554	0.239788	12.8928637	6.501432308
iSBio433	48.8869444	20.1277778	1826.5	0.920846581	1149.709961	17.2	42.1	41.05	4.413333333	12.93333333	0.237	54.57102672	54.68164794
iSBio435	49.21653611	19.67223889	1808.75	1.341653466	1988.415039	20.4	36.4	42.8	3.92	11.65	0.693	16.81096681	49.70731707
iSBio437	48.3033333	17.8886111	190	11.81667519	538.2399902	28.1	54.3	18.4	6.336666667	3.796666667	0.191	19.87783595	10.91962142
iSBio441	48.63444444	19.07027778	480	8.933328629	887.625	10.69333333	56.21666667	33.09	5.609333333	2.466666667	0.179333333	13.75464684	14.60498221
iSBio442	48.63444444	19.07027778	480	8.933328629	887.625	10.69333333	56.21666667	33.09	5.609333333	2.466666667	0.179333333	13.75464684	13.55113636
iSBio449	48.63702778	19.06888889	520	8.933328629	887.625	12.90790604	66.52983728	20.56225668	5.436666667	2.796666667	0.179333333	15.59479554	12.28445205
iSBio450	48.63702778	19.06888889	520	8.933328629	887.625	12.90790604	66.52983728	20.56225668	5.436666667	2.796666667	0.179333333	15.59479554	10.56840903
iSBio451	48.63525	19.06997222	502	8.933328629	887.625	11.01123133	62.44085131	26.54791735	5.324666667	3.05	0.194	15.72164948	14.67345208
iSBio452	48.63525	19.06997222	502	8.933328629	887.625	11.01123133	62.44085131	26.54791735	5.324666667	3.05	0.194	15.72164948	13.84374109
iSBio453	48.55027778	18.85836111	448.25	9.850000381	655.6549988	8.965993432	57.14843595	33.88557062	3.751226076	21.010893	0.934999	22.47156735	29.62132536
iSBio454	48.55027778	18.85836111	448.25	9.850000381	655.6549988	8.965993432	57.14843595	33.88557062	3.751226076	21.010893	0.934999	22.47156735	30.10380623
iSBio456	48.55166667	18.94722222	596.5	8.912500381	780.4750061	9.891593737	67.2474791	22.86092716	5.23525	32.5	1.26	25.79365079	28.44128114
iSBio457	48.50416667	19.18833333	732.5	7.829171896	922.5099792	11.89949988	77.77083586	10.32966426	4.906893708	4.984377	0.344729	14.45882708	18.16245385
iSBio458	48.50416667	19.18833333	732.5	7.829171896	922.5099792	11.89949988	77.77083586	10.32966426	4.906893708	4.984377	0.344729	14.45882708	18.22336475
iSBio461	-33.1652778	22.2680556	752	18.04999733	152.3700027	18.5	13.9	67.6	7.880361283	0.573691	0.083173	6.897562911	0
iSBio465	57.11388889	14.55138889	237.75	7.420815945	686.8849792	9	52	39	2.669331287	26.925	0.815	33.03680982	58.87275412
iSBio466	57.11388889	14.55138889	237.75	7.420815945	686.8849792	9	52	39	2.669331287	26.925	0.815	33.03680982	58.30249198
iSBio467	59.75388889	14.90833333	339	5.541665554	785.0450134	2	65	33	2.078970004	25.215	0.695	36.28057554	65.16826333
iSBio468	59.75388889	14.90833333	339	5.541665554	785.0450134	2	65	33	2.078970004	25.215	0.695	36.28057554	72.84834029
iSBio469	47.27406389	7.886763889	482	10.96248817	939.6749878	10	47	43	3.2325	7.00725	0.425125	16.48279918	36.71388102
iSBio471	47.22515556	7.416652778	1084.25	7.608346701	1191.265015	48	30	22	6.513333333	17.03783333	1.013	16.81918394	42.84864114
iSBio472	47.22515556	7.416652778	1084.25	7.608346701	1191.265015	48	30	22	6.513333333	17.03783333	1.013	16.81918394	48.27244407
iSBio473	46.30278889	7.612108333	616	11.05001259	778.0249939	9	42	49	5.486666667	20.63525	0.7895	26.1371121	25.6020529
iSBio474	46.30278889	7.612108333	616	11.05001259	778.0249939	9	42	49	5.486666667	20.63525	0.7895	26.1371121	15.18608299
iSBio475	46.02261111	8.834161111	925	11.17916298	1793.719971	12	19	69	3.56	9.767833333	0.621333333	15.7207618	37.68465909
iSBio477	46.70034444	7.762336111	1448.5	5.579171658	1534.559998	27.4	32.8	39.9	3.38125	49.27975	1.760125	27.99786947	76.27657461
iSBio479	47.16504722	9.067072222	775	7.604181051	1768.945007	22	35	43	4.966666667	4.5435	0.3065	14.82381729	27.58669699
iSBio481	47.36194444	8.454444444	550	10.86666298	1010.794983	31.5	35.2	33.6	4.066666667	3.877333333	0.285166667	13.59672706	25.18413598
iSBio482	47.36194444	8.454444444	550	10.86666298	1010.794983	31.5	35.2	33.6	4.066666667	3.877333333	0.285166667	13.59672706	22.91754757
iSBio483	46.31866667	7.584333333	836.25	9.258340836	908.6700134	21	38.6	40.15	7.250346876	18.369064	0.774941	23.70382261	23.35814723
iSBio484	46.31866667	7.584333333	836.25	9.258340836	908.6700134	21	38.6	40.15	7.250346876	18.369064	0.774941	23.70382261	19.56583028
iSBio490	44.3666667	-122.3666667	491.5	8.695825577	1131.184967	24.65	39.5	35.85	5.209025742	3.288354	0.223033	14.74380024	19.38688618
iSBio491	44.5069444	-72.8355556	601.5	5.599999905	1595.35498	10.6	38	50.6	3.300003372	14.949074	0.942104	15.86775345	37.90656416
iSBio500	44.04	-71.275	493.75	5.541665554	1552.284973	8.8	30.8	60.3	3.723589623	17.718975	0.870201	20.36193362	49.69557347
iSBio504	43.937	-71.739	512.75	6.041680813	1605.775024	9.9	39.25	51.05	3.427570176	23.221806	1.285674	18.06197061	68.10416321
iSBio506	44.036	-71.89	744.25	4.879159451	1524.375	7.25	37.5	55.1	3.871300933	10.558717	0.831359	12.70055054	51.86287009
iSBio508	43.9356	-71.7009	393	6.900002956	1381.76001	6.1	38.65	55.25	2.938970004	36.353203	1.757812	20.68093914	68.55429714
iSBio510	43.9464	-71.7593	447	5.541665554	1649.23999	4	11	85	3.8	6.4	0.14	45.71428571	55.41254125
iSBio518	51.05725	82.98725	1422.5	-2.641683996	1774.609985	19.35	35.75	45.25	3.959946682	4.489128	0.433904	10.3459014	28.86409061
iSBio522	51.0514444	82.9754444	1473.75	-2.716665685	1772.26001	21.1	34.1	45.2	4.35	2.4	0.536	4.47761194	21.9397229
iSBio532	51.1145278	83.0158611	973.25	0.229165673	1339.859985	28.3	38.4	33.3	4.855	6.175	0.571	10.81436077	27.89973092
iSBio562	63.876	-149.247	680.75	-1.658331275	917.5350037	12.4	50.5	37.2	2.603120521	40.511986	1.306008	31.01970738	81.38441817
iSBio564	64.882	-148.391	215.25	-0.758337393	611.6699829	13.55	69.45	17.1	4.8675	17.66	0.8975	19.67688022	88.78878879
iSBio567	-38.45724	145.2893	3.5	15.27916908	830.7349854	11.8	19.55	68.9	3.925609445	4.503774	0.350986	12.83177677	39.33454126
iSBio568	-38.45724	145.2893	3.5	15.27916908	830.7349854	11.8	19.55	68.9	3.925609445	4.503774	0.350986	12.83177677	62.09573092
iSBio569	-38.45945	145.2882	3.5	15.24582863	844.625	11.8	19.65	68.9	5.446904851	22.853489	1.481344	15.42753675	75.94684385
iSBio572	50.0826417	87.7816778	2172.5	-6.287512302	357.7100067	35	20	45	3.395	18.75	0.72	26.04166667	44.22750424
iSBio574	57.2004417	84.3165333	68.75	0.71666871	643.1800232	36.84210526	57.89473684	5.263157895	4.95	23.925	1.325	18.05660377	21.21557997
iSBio575	40.7574361	16.9133833	351	15.78750038	536.914978	30	20	50	6.125	16.76	0.655	25.58778626	9.034267913
iSBio579	40.77938889	-3.983822222	2107	6.966653347	1151.419983	7.005	19.8	73.195	3.725	21.542051	1.0610765	20.30207153	5.091409475
iSBio581	40.78750278	-3.975436111	2182.5	5.645837307	1182.969971	8.005	18.3	73.695	4.415	10.348189	0.731462	14.14726807	1.485148515
iSBio584	40.79416667	-3.960111111	2197.75	5.775002956	1221.024994	10.005	23.8	66.195	4.185	3.804601	0.47767	7.964915109	1.267238166
iSBio586	40.834225	-3.966002778	2225.5	5.62084341	1153.890015	8.005	19.8	72.195	4.04	8.864758	0.6228975	14.23148752	1.227830832
iSBio588	57.08462	-3.836667	833	4.708337307	1156.570007	3.66	21.2	75.14	4.13	4.168027	0.22055	18.89833144	12.2749357
iSBio590	57.09768	-3.860733	692	5.708337307	974.25	3.66	26.2	70.14	3.59	11.625999	0.383948	30.2801395	31.68498168
iSBio592	57.07973	-3.808867	993.5	3.783334255	1290.680054	3.66	18.2	78.14	3.96	3.207415	0.19141	16.75677864	14.60208601
iSBio594	57.07553	-3.82025	917.5	4.366662502	1258.23999	5.66	19.2	75.14	3.57	5.028494	0.193506	25.98624332	23.55295126
iSBio596	47.58536667	24.63575	2130.75	-0.120825201	1824.919983	22.5	40.5	36.8	3.63721923	9.730463	0.647179	15.03519583	38.13714096
iSBio598	47.58236667	24.63228333	2079.5	0.204156507	1823.464966	22.25	40.45	37.2	3.533679697	19.290184	1.385111	13.92681453	48.16727757
iSBio600	47.57218333	24.61755	1967	1.166665673	1794.034973	21.1	40.7	38.65	3.080703717	28.690678	1.983278	14.46629166	66.02804661
iSBio601	61.9	9.14	1090	0.379159558	671.3900146	7.36	41.2	51.44	4	4.038448	0.196318	20.57095121	24.27536232
iSBio602	61.91	9.18	1090	0.379159558	671.3900146	5.36	31.2	63.44	4.28	1.367732	0.075786	18.04729106	24.6921797
iSBio605	61.9	9.22	1359	-1.304174781	800.5400085	5.36	39.2	55.44	3.79	3.400331	0.209887	16.20076994	19.11282271
iSBio607	61.91	9.25	1457.5	-1.299993873	870.6699829	1.36	45.2	53.44	4.41	0.729499	0.05877	12.41277863	12.21969912
iSBio610	-51.916	-70.407	164	6.999993801	288.0250092	24	11	65	5.910361283	2.677296	0.212613	12.59234384	2.861869313
iSBio612	45.69	7.5639	2458.75	-1.258337379	1391.449951	20.2	43	37	6.1	11.71	0.622	18.82636656	19.58041958
iSBio614	45.64	7.55	2617.25	-1.379186988	1541.655029	10.95	41.85	46.3	6.1	11.52	0.5605	20.55307761	44.25411608
iSBio618	45.91	7.69	2951.75	-3.212500095	1629.294983	14.2	43.7	42.65	6.3	10.26	0.524	19.58015267	15.98406573
iSBio619	42.1027778	14.1216667	2666	0.058328241	1441.97998	19.55	39.9	40.5	7.409449818	9.469997	0.291851	32.44805397	17.90368272
iSBio625	46.03055556	7.249444444	2294	0.500009168	1578.674988	2.597402597	64.63536464	32.76723277	4.3	2.9	0.216	13.42592593	19.11822855
iSBio627	46.02055556	7.201388889	2443.75	-0.562506091	1521.049988	7.35	69.55	23.1	4	4.3	0.167	25.74850299	21.51724138
iSBio629	44.275	10.246	1743	5.80834341	983.8149719	7.393333333	39.53333333	53.07333333	4.086666667	7.257509667	0.559152333	12.97948561	21.41192141
iSBio630	44.275	10.246	1743	5.80834341	983.8149719	7.393333333	39.53333333	53.07333333	4.086666667	7.257509667	0.559152333	12.97948561	20.89229233
iSBio631	44.331	10.207	1843.5	5.320840359	988.8300171	11.06	37.2	51.74	4.106666667	8.874287	0.726019333	12.22321031	29.09665613
iSBio633	44.204	10.699	1767.75	5.462502956	723.7749939	9.726666667	41.36666667	48.90666667	4.056666667	8.262787333	0.647195333	12.76706878	36.32367632
iSBio634	44.204	10.699	1767.75	5.462502956	723.7749939	9.726666667	41.36666667	48.90666667	4.056666667	8.262787333	0.647195333	12.76706878	37.71245751
iSBio636	44.119	10.618	1690.25	5.458337307	754.375	10.39333333	49.7	39.90666667	4.06	8.565768333	0.634958333	13.49028414	35.54048664
iSBio645	42.637	-0.062	2163	3.941659451	1437.775024	23.49939976	41.98679472	34.51380552	5.490299957	4.868742	0.453175	10.74362443	10.62476618
iSBio647	42.65	0.032	2424.75	2.354165554	1713.335022	18.56556967	36.34090227	45.09352806	5.743175072	6.013884	0.505144	11.90528641	34.97649238
iSBio648	42.65	0.032	2424.75	2.354165554	1713.335022	18.56556967	36.34090227	45.09352806	5.743175072	6.013884	0.505144	11.90528641	32.23918938
iSBio652	42.662	0.054	2927.5	-1.249990821	1867.549988	25.35253525	27.93279328	46.71467147	7.692111488	3.272971	0.066123	49.49822301	11.80717539
iSBio655	51.14574	3.120754	16	11.60000038	662.1150208	27.45	40.8	32.05	4.621733713	2.205188	0.162227	13.59322431	16.98459799
iSBio658	49.98633	4.980931	397	9.683343887	912.9250183	23.6	56.2	20	3.326511672	17.686024	0.961062	18.40258381	29.97032641
iSBio660	59.81916667	17.64333333	26.5	7.045831203	543.5550079	36.4	29.1	34.3	5.649025742	1.913185	0.188648	10.14155994	15.06478713
iSBio661	51.386111	13.261944	106.25	11.10833168	491.0749969	16.1	30	54.15	5.835635195	1.507271	0.111038	13.57437094	1.541535826
iSBio667	51.3916667	11.8858333	114.5	10.97083473	441.9850006	23.23232323	70.70707071	6.060606061	7.14	1.87	0.17	11	7.791463764
iSBio669	29.124	117.908	161.75	19.35416603	1924.134949	30.65	38.95	30.3	3.923175072	3.404503	0.229681	14.82274546	21.55993432
iSBio672	44.74	-0.796666667	61.5	14.20833778	800.9949951	24.4	26.45	48.4	3.205359755	2.376638	0.084464	28.13788123	7.030804335
iSBio674	46.546501	-84.45565	212.5	5.166650295	1095.205017	7.15	15.6	77.25	4.947757205	1.549527	0.100114	15.47762551	8.784008884
iSBio676	45.42494444	-73.93919444	38.75	7.354165554	1007.789978	10.61966625	3.235906707	86.14442704	5.525829825	2.573776	0.198459	12.96880464	17.49605622
iSBio678	46.6794444	-92.52	381.25	5.183328152	764.6400146	8	16	76	4.644100322	3.948897	0.224529	17.58746977	13.16913797
iSBio679	46.0310085	6.924916	1372.5	6.429162502	1997.484985	22.15	43.35	34.55	3.347665163	35.375637	1.318473	26.83076331	59.4603488
iSBio681	46.0325185	6.920786	1618.75	5.541650295	2088.735046	21.5	42.45	35.1	4.919875634	43.300804	1.250941	34.61458534	17.75856335
iSBio683	46.0358045	6.9195565	1838.5	3.154153347	2187.305054	19.7	42.1	38.5	3.034226053	17.54353	0.934046	18.78229766	55.0220088
iSBio685	46.036078	6.9149195	1907.5	2.083322108	2291.359985	19.1	42.5	38.5	4.166808337	12.509715	0.871382	14.35617789	34.95387684
iSBio687	46.042459	6.9157465	2073	0.375009168	2329.130005	19.95	40.65	39.4	3.668636948	13.992802	0.86861	16.1094185	24.00398406
iSBio689	46.0451485	6.912603	2279	0.375009168	2329.130005	20.1	40.65	39.35	3.386551724	2.238678161	0.167068965	13.39972481	15.83687766
iSBio693	48.4883333	-1.5712	92.75	12.02498817	831.4349976	22.1	60.4	17.7	2.896339277	34.446175	1.762064	19.54876497	53.76494024
iSBio712	-36.44336111	148.2893611	1990.5	4.349999905	1442.815002	22.6	20.55	57.05	3.900867722	8.07649	0.576952	13.99854754	17.51845953
iSBio715	23.48475	120.4708611	58.75	23.69167519	2468.409912	8.553333333	31.74333333	59.70333333	3.807320953	1.838885	0.122253	15.04163497	21.55905906
iSBio717	23.62297222	120.6171944	392	22.04583168	3033.080078	13.07	38.96	47.97	4.66060234	1.580188	0.160846	9.824229387	23.22144289
iSBio718	23.62297222	120.6171944	392	22.04583168	3033.080078	13.07	38.96	47.97	4.66060234	1.580188	0.160846	9.824229387	24.73538306
iSBio719	23.81686111	120.6509722	395.75	22.25000954	2111.540039	33.84333333	55.81	10.34666667	4.224227261	1.445258	0.181296	7.97181405	21.81363352
iSBio721	43.55888889	1.0645	177	14.35416603	689.7749939	31.6	49.5	18.9	7.280782692	3.065466	0.191375	16.01811104	18.91149669
iSBio723	43.55813889	1.068888889	193	14.24167824	701.7600098	31.7	49.5	18.95	7.905359755	1.943705	0.196688	9.882173798	16.71451754
iSBio725	43.55469444	1.071625	203	14.24167824	701.7600098	31.8	49.6	18.8	7.351300933	3.435333	0.161783	21.2342026	16.69808183
iSBio727	42.95516667	1.030916667	544.25	12.42084694	1278.195007	25	46.05	28.8	5.059548375	3.333435	0.414046	8.05088082	26.43678161
iSBio729	42.80283611	1.424069444	1362.5	7.483346462	1271.869995	26.05	38.1	35.8	4.884176132	44.223606	1.556571	28.41091476	89.88764045
iSBio731	42.80354722	1.41815	1457	7.483346462	1271.869995	26.8	39.7	33.8	4.932271233	5.228708	0.404706	12.91976892	30.86261068
iSBio734	43.57402222	1.373666667	158	14.52500343	705.7149963	19.66666667	30	50.33333333	5.561733713	3.894119	0.337531	11.53707067	13.06632581
iSBio740	69.417	25.612	341.25	-0.170828238	715.335022	4.9	31.1	63.9	2.51019608	50.294018	2.072753	24.26435663	69.98654105
iSBio741	69.417	25.612	341.25	-0.170828238	715.335022	4.9	31.1	63.9	2.585007959	48.634083	1.636845	29.71208819	91.23036649
iSBio742	69.417	25.612	341.25	-0.170828238	715.335022	4.9	31.1	63.9	2.585007959	48.634083	1.636845	29.71208819	85.62953197
iSBio744	69.417	25.612	341.25	-0.170828238	715.335022	4.9	31.1	63.9	2.97222867	44.262371	1.932627	22.90269721	86.70411985
iSBio745	-0.69765	-90.22718	45.5	24.19999123	928.7200012	9.154910881	22.66524551	68.17984361	6.26	2.02	0.13	15.53846154	5.55875576
iSBio748	-0.68107	-90.22458	53.25	24.14583778	938.3900146	47.26163738	45.82646704	6.91189558	7.1	12.08	0.57	21.19298246	24.97084791
iSBio749	-0.6713	-90.24828	190.5	23.90833473	986.6149902	62.93976468	24.63267576	12.42755956	6.6	4.69	0.24	19.54166667	25.04996669
iSBio751	-0.66952	-90.25448	226.5	23.81249428	996.6149597	79.14509077	18.66877556	2.186133666	6.19	5.76	0.27	21.33333333	25.36279683
iSBio753	-0.64245	-90.2858	459.5	23.29583168	1027.470001	62.0032761	35.41810755	2.578616352	5.76	6.68	0.37	18.05405405	31.60252157
iSBio755	-0.64223	-90.28865	423	23.29583168	1027.470001	66.2535326	30.80913058	2.937336815	5.73	9.79	0.47	20.82978723	43.03292318
iSBio757	-0.64212	-90.32632	828	22.37082863	1008.589966	18.58285504	54.99625402	26.42089094	4.22	12.84	0.37	34.7027027	49.474102
iSBio759	-0.64548	-90.32783	795	22.37082863	1008.589966	26.1072277	35.60981129	38.28296102	3.9	15.93	0.41	38.85365854	48.83644166
iSBio773	73.170553	-79.894906	85.5	-13.47916222	524.6300049	22.9	45.6	31.3	5.720434077	2.630704	0.172148	15.28164138	31.40722291
iSBio775	73.134633	-79.961057	78.5	-13.43334007	582.8349915	26.2	40.85	32.55	4.764242509	23.069632	0.757098	30.47113055	73.0171383
iSBio782	32.39837	131.172639	1024.5	12.00834084	3964.965088	33	34.3	32.65	3.35	14.91268727	0.586666543	25.41935868	59.29218107
iSBio786	-42.467	-74.117	275.5	9.075006485	2942.52002	10.9	33.6	54.1	3.541733713	47.296333	1.641247	28.81731574	73.43283582
iSBio787	-41.35795	-72.35	122	10.31667519	2435.534912	16.85	30.55	53.25	3.534179678	49.668308	1.46836	33.82570214	82.72418614
iSBio788	-41.35795	-72.35	122	10.31667519	2435.534912	16.85	30.55	53.25	3.534179678	49.668308	1.46836	33.82570214	83.6323764
iSBio790	-41.6712	-72.1411	162	9.854150772	1892.380005	15.6	38.1	46.7	4.523632516	24.322636	1.36734	17.78828675	58.46276384
iSBio791	41.429722	2.081667	255.5	15.73334694	637.0799866	24.01409108	23.85776111	52.12814782	5.5425	8.338	0.252	33.08730159	21.75557325
iSBio793	40.60178056	-8.7404	255.5	15.73334694	637.0799866	0	51.82888129	48.17111871	3.732166062	3.236848	0.316383	10.2307899	22.45347208
iSBio794	40.60083333	-8.740944444	0.5	15.82917213	1024.815002	26.3	28.4	44.9	3.39489596	2.897551	0.338887	8.550198149	45.96720585
iSBio796	40.60083333	-8.740944444	0.5	15.82917213	1024.815002	26.3	28.4	44.9	3.39489596	7.03	0.456	15.41666667	49.71219836
iSBio800	49.03361111	6.514166667	277.25	11.25000954	821.9150085	23.8	69.9	6.3	4.76	5.88	0.33	17.81818182	11.53846154
iSBio802	48.75555556	6.058333333	206.5	11.60000038	754.1849976	18.7	20.7	60.6	6.848695158	4.98443	0.34536	14.43256312	10.334597
iSBio808	49.01305556	6.048333333	176.5	11.73333168	686.3899841	21.1	22.9	56	7.01	2.29	0.17	13.47058824	17.49299951
iSBio809	48.82888889	6.083888889	184.5	11.77918434	690.9150085	18.48151848	17.28271728	64.23576424	7.58	3.2	0.24	13.33333333	5.738928512
iSBio815	60.8932	68.68299	31	0.012490869	548.4599915	22.15	31.15	46.5	2.797940009	40.144115	0.900618	44.57396477	93.0974765
iSBio822	50.59	13.254	759.5	7.116662502	929.2799988	6	21	73	3.086073654	9.904264	0.471263	21.01642607	31.87362527
iSBio824	50.589	13.266	811	6.958337307	931	5	21	74	3.363460532	11.240809	0.532731	21.10034708	41.59763314
NelBot	-41.2824778	173.2571056	115	12.5	1267	49	27	24	3.81	4.2635	0.2525	16.875	10.13
NelMRY	-41.2851917	173.2636194	40	12.5	1267	49	27	24	4.17	5.6845	0.3915	14.525	15.07
NplHrs	-39.0836139	174.0763111	40	13.2	1921	34	48	18	5.43	16.375	1.044	15.69	49.14
NplPer	-39.0424722	174.1118167	9	13.6	1678	34	48	18	5.21	10.44	0.6955	15.015	31.79
TauCaP	-37.6880139	176.1214444	18	14.4	1507	31	49	20	5.01	5.528	0.4185	13.215	27.99
TauMcB	-37.6963222	176.1241278	19	14.4	1507	31	49	20	6.95	6.8675	0.5925	11.63	21.35
WelMtA	-41.3291861	174.7820889	127	12.8	1155	41	39	20	4.84	6.822	0.537	12.705	15.33
WelOCH	-41.3074833	174.7861389	65	12.8	1155	41	39	20	4.26	5.244	0.315	16.66	16.8
WelOWR	-41.3074833	174.7861389	65	12.8	1155	41	39	20	3.47	25.395	1.05	24.175	26.27
